             0.1274144241
             0.1325871385
             0.1504645497
             0.1855630042
             0.2367192996
             0.2923633892
             0.2980151222
             0.2457627439
             0.1927885081
             0.1555639608
             0.1352008876
             0.1296363871
             0.1543689714
             0.1642837721
             0.1900335193
             0.2374714577
             0.3090068564
             0.3846869490
             0.3899257612
             0.3180069983
             0.2445692034
             0.1945140046
             0.1666732951
             0.1558587324
             0.1955406946
             0.2092082959
             0.2430516262
             0.3045069352
             0.3954532083
             0.4858509070
             0.4900568826
             0.4034628191
             0.3108009186
             0.2470394852
             0.2113759911
             0.1966349329
             0.2501890873
             0.2640420669
             0.3026213998
             0.3746733955
             0.4791743365
             0.5803204199
             0.5846557112
             0.4869128586
             0.3802702733
             0.3069936340
             0.2670662168
             0.2517865072
             0.3226533128
             0.3327801684
             0.3711661083
             0.4501189579
             0.5621602327
             0.6693274151
             0.6767147103
             0.5719839843
             0.4554063813
             0.3775745996
             0.3391077792
             0.3262028751
             0.4049630119
             0.4079701806
             0.4414335551
             0.5243341422
             0.6411286898
             0.7468255614
             0.7601956456
             0.6545588701
             0.5299776366
             0.4497816243
             0.4198247203
             0.4111570913
             0.4521516920
             0.4490429204
             0.4795753606
             0.5606385345
             0.6811899985
             0.7849244923
             0.7990656083
             0.6942026106
             0.5665923746
             0.4868431181
             0.4635418297
             0.4561436529
             0.4140954128
             0.4181441288
             0.4519148277
             0.5279132329
             0.6473262903
             0.7539952946
             0.7620210704
             0.6547933641
             0.5315093718
             0.4555620328
             0.4273793391
             0.4172955123
             0.3327086570
             0.3448072329
             0.3831242097
             0.4570578563
             0.5688184940
             0.6746607687
             0.6779901717
             0.5725058601
             0.4575659911
             0.3834483296
             0.3477148400
             0.3346169549
             0.2584307010
             0.2735708547
             0.3121042072
             0.3811093054
             0.4822300082
             0.5793995876
             0.5816406932
             0.4852608221
             0.3814869964
             0.3113959803
             0.2734920345
             0.2587055176
             0.2015002317
             0.2159761051
             0.2498488883
             0.3087386788
             0.3941317851
             0.4774694527
             0.4798888189
             0.3975263557
             0.3096123197
             0.2492987725
             0.2156997379
             0.2019974424
             0.1585446287
             0.1689745890
             0.1949416876
             0.2398455664
             0.3046853902
             0.3701347135
             0.3719892260
             0.3071919640
             0.2404095310
             0.1946662661
             0.1697043423
             0.1601872080
             0.1304932888
             0.1358047942
             0.1543067741
             0.1869456906
             0.2315288195
             0.2755194607
             0.2761577290
             0.2321497796
             0.1863920808
             0.1540312846
             0.1377937950
             0.1334562827
             0.1742675464
             0.1805902297
             0.2028480620
             0.2455682684
             0.3064221395
             0.3702817331
             0.3767199177
             0.3169721278
             0.2541073314
             0.2090694479
             0.1842172919
             0.1773431712
             0.2053450731
             0.2172241209
             0.2480686377
             0.3040832862
             0.3866194978
             0.4713266221
             0.4768706796
             0.3964650120
             0.3121102451
             0.2534499459
             0.2203935444
             0.2075682818
             0.2530875625
             0.2691501578
             0.3089702937
             0.3804337415
             0.4843528364
             0.5853150757
             0.5896815567
             0.4927000380
             0.3872335760
             0.3135464300
             0.2718710198
             0.2547733034
             0.3155862320
             0.3318405434
             0.3770900995
             0.4606073227
             0.5804568155
             0.6945814326
             0.6991674143
             0.5882953378
             0.4663812705
             0.3816566311
             0.3351719014
             0.3176460908
             0.3949372545
             0.4075514891
             0.4532042722
             0.5446712622
             0.6743180292
             0.7975236869
             0.8049767903
             0.6839309811
             0.5497693114
             0.4592314809
             0.4138753807
             0.3990268305
             0.4798357300
             0.4863526646
             0.5278779884
             0.6235532289
             0.7590283213
             0.8838917071
             0.8970680596
             0.7724133662
             0.6284378272
             0.5349209939
             0.4974536931
             0.4868024686
             0.5257014821
             0.5274500789
             0.5663990149
             0.6603223899
             0.7996474687
             0.9240853253
             0.9373133259
             0.8123817696
             0.6647817748
             0.5715072835
             0.5402893776
             0.5311492800
             0.4883655877
             0.4958050817
             0.5373451900
             0.6263899128
             0.7636251338
             0.8888756684
             0.8963935604
             0.7705717888
             0.6280425693
             0.5388145112
             0.5034639275
             0.4915679281
             0.4042775334
             0.4187146625
             0.4639061003
             0.5498194911
             0.6779961058
             0.7992180310
             0.8019324678
             0.6806664391
             0.5487389809
             0.4625753397
             0.4203038560
             0.4053023226
             0.3228736198
             0.3402761759
             0.3849322196
             0.4643731234
             0.5794038659
             0.6885528490
             0.6902498940
             0.5812930560
             0.4634061284
             0.3828752942
             0.3390414093
             0.3222788096
             0.2580029490
             0.2746423060
             0.3137641084
             0.3812070043
             0.4776093133
             0.5698648142
             0.5717958947
             0.4800499045
             0.3809714960
             0.3120130651
             0.2732688648
             0.2575910645
             0.2084269895
             0.2205734571
             0.2508187214
             0.3025936051
             0.3760042446
             0.4481758407
             0.4496534716
             0.3777807296
             0.3022019158
             0.2494572945
             0.2202610669
             0.2091990994
             0.1764479462
             0.1826151855
             0.2046642791
             0.2431273954
             0.2949169351
             0.3442556791
             0.3443895817
             0.2947413131
             0.2416057541
             0.2032946090
             0.1835274874
             0.1783841430
             0.2684596312
             0.2771635210
             0.3058764336
             0.3593033478
             0.4332537814
             0.5074601845
             0.5146653954
             0.4453001386
             0.3694272746
             0.3134716380
             0.2817425261
             0.2723786355
             0.3089653884
             0.3242334421
             0.3630419705
             0.4319036808
             0.5303132232
             0.6275422588
             0.6334633051
             0.5410673878
             0.4410195465
             0.3694206626
             0.3281265512
             0.3117776519
             0.3712003577
             0.3913707771
             0.4408539599
             0.5279932383
             0.6515477172
             0.7680195575
             0.7725304256
             0.6602857303
             0.5353789632
             0.4459350375
             0.3944098795
             0.3731458723
             0.4513845350
             0.4717111677
             0.5279296709
             0.6300245174
             0.7735408691
             0.9069098219
             0.9115359700
             0.7814249649
             0.6357530109
             0.5325409144
             0.4750189438
             0.4534302961
             0.5489610136
             0.5651941059
             0.6224133565
             0.7343851870
             0.8910603777
             1.0376338320
             1.0454092862
             0.9007601041
             0.7389684460
             0.6278718698
             0.5711419284
             0.5528734888
             0.6475075954
             0.6573795616
             0.7106805532
             0.8274979417
             0.9919020597
             1.1437797850
             1.1571214632
             1.0054042138
             0.8312462485
             0.7163445259
             0.6675644279
             0.6541349129
             0.6971179651
             0.7029366549
             0.7536579250
             0.8686459976
             1.0370217418
             1.1894446345
             1.2025598574
             1.0496438324
             0.8709765503
             0.7563610696
             0.7140790206
             0.7022845720
             0.6546815927
             0.6656919346
             0.7187793108
             0.8285095046
             0.9936385344
             1.1451937761
             1.1520733757
             0.9996944606
             0.8274396949
             0.7173752707
             0.6712867104
             0.6565080076
             0.5562931970
             0.5743862708
             0.6306656906
             0.7357974202
             0.8893594324
             1.0330148373
             1.0348946367
             0.8902920333
             0.7319099422
             0.6263799999
             0.5736206089
             0.5553744916
             0.4560238576
             0.4773964280
             0.5322078775
             0.6284069136
             0.7647125709
             0.8914069056
             0.8924431230
             0.7646772018
             0.6248098370
             0.5274349508
             0.4737754715
             0.4534197685
             0.3729040892
             0.3934102047
             0.4411497095
             0.5221436826
             0.6350577813
             0.7402635923
             0.7414670954
             0.6357217470
             0.5194851563
             0.4369110443
             0.3897902614
             0.3706524443
             0.3087075805
             0.3238479510
             0.3607956427
             0.4229307914
             0.5086747049
             0.5900416620
             0.5906997018
             0.5086698108
             0.4202708913
             0.3570978172
             0.3214258927
             0.3077552711
             0.2673175879
             0.2754602359
             0.3027084255
             0.3493152967
             0.4103895012
             0.4662608365
             0.4656249168
             0.4084114361
             0.3454861417
             0.2990883868
             0.2744127633
             0.2676917639
             0.4232267890
             0.4355396901
             0.4716464175
             0.5365646273
             0.6235066262
             0.7077717798
             0.7160200600
             0.6374927481
             0.5483920085
             0.4807973590
             0.4411938921
             0.4281446946
             0.4791620409
             0.4987736038
             0.5466331480
             0.6294680336
             0.7443350478
             0.8538007527
             0.8602752429
             0.7562630468
             0.6398414487
             0.5540750877
             0.5033155457
             0.4824679914
             0.5651930908
             0.5902665360
             0.6508607332
             0.7555769543
             0.8998325265
             1.0318440045
             1.0366334461
             0.9091985975
             0.7635310597
             0.6564128264
             0.5934104476
             0.5670058487
             0.6748128476
             0.6996371687
             0.7685274980
             0.8915574526
             1.0603171843
             1.2131286811
             1.2181481264
             1.0686615809
             0.8973666449
             0.7730585705
             0.7026691236
             0.6762771374
             0.8031581951
             0.8228577441
             0.8932052964
             1.0283336982
             1.2140363939
             1.3840294687
             1.3924155893
             1.2241646804
             1.0326306658
             0.8981221676
             0.8282396195
             0.8062459064
             0.9260354327
             0.9383318577
             1.0045167097
             1.1451591969
             1.3406546463
             1.5193096775
             1.5330662009
             1.3545167713
             1.1480187920
             1.0089158276
             0.9476431246
             0.9316519347
             0.9841094532
             0.9922647869
             1.0555770124
             1.1940860426
             1.3937518475
             1.5741725680
             1.5876496783
             1.4062210954
             1.1944717546
             1.0560460456
             1.0018543599
             0.9881082003
             0.9313907410
             0.9450050009
             1.0106145900
             1.1434717917
             1.3387185756
             1.5164919096
             1.5229096696
             1.3436665203
             1.1393233512
             1.0060096024
             0.9481335955
             0.9308639044
             0.8071133977
             0.8287596305
             0.8975474309
             1.0243307634
             1.2054076804
             1.3711572361
             1.3724351987
             1.2039524524
             1.0168328652
             0.8894519815
             0.8246860194
             0.8029232699
             0.6747179949
             0.7004902029
             0.7670069775
             0.8820164640
             1.0412996998
             1.1854463584
             1.1853469033
             1.0383450672
             0.8745290548
             0.7581019761
             0.6931129604
             0.6685877493
             0.5613077226
             0.5863230856
             0.6439086405
             0.7399211863
             0.8703649681
             0.9882204633
             0.9881442479
             0.8679517737
             0.7332809994
             0.6354906479
             0.5788689374
             0.5556548533
             0.4729191220
             0.4918161027
             0.5364448459
             0.6097699160
             0.7080631068
             0.7979320058
             0.7972045612
             0.7046820439
             0.6029192898
             0.5285523461
             0.4856971919
             0.4687597804
             0.4164341398
             0.4273254631
             0.4604975874
             0.5155920103
             0.5857877373
             0.6470533957
             0.6449634041
             0.5799758084
             0.5073448959
             0.4525614088
             0.4225973185
             0.4135559023
             0.6496431598
             0.6666717802
             0.7099196860
             0.7845349120
             0.8816960870
             0.9737358925
             0.9827459979
             0.8976731994
             0.7980055569
             0.7199403071
             0.6724780066
             0.6541572245
             0.7273841886
             0.7515685141
             0.8077161882
             0.9024802909
             1.0303411664
             1.1486857214
             1.1556162870
             1.0432718358
             0.9139593969
             0.8159035343
             0.7562260373
             0.7303543371
             0.8473308418
             0.8768512839
             0.9472344145
             1.0668575325
             1.2278123662
             1.3712540473
             1.3763758537
             1.2377576724
             1.0756004686
             0.9532889710
             0.8799416517
             0.8486288076
             0.9988878702
             1.0273194590
             1.1070145467
             1.2478483289
             1.4370441289
             1.6042963325
             1.6096964547
             1.4460110391
             1.2543840104
             1.1120345982
             1.0304284158
             1.0000414548
             1.1712691951
             1.1924971360
             1.2735398206
             1.4280846044
             1.6370621721
             1.8242782002
             1.8331632215
             1.6484499587
             1.4333302033
             1.2792378292
             1.1985631994
             1.1746312531
             1.3289523609
             1.3406570642
             1.4165741275
             1.5765973020
             1.7965999055
             1.9947144890
             2.0091139685
             1.8120130593
             1.5803524151
             1.4217881647
             1.3511251868
             1.3356311307
             1.3994075415
             1.4063852799
             1.4787468590
             1.6362385077
             1.8601798539
             2.0608170388
             2.0750326557
             1.8739164139
             1.6365888332
             1.4792822613
             1.4166381714
             1.4044880426
             1.3315768880
             1.3449113925
             1.4199473078
             1.5716554532
             1.7904170398
             1.9871718021
             1.9940510403
             1.7954544528
             1.5660969735
             1.4139161178
             1.3471737495
             1.3302517785
             1.1702684432
             1.1936695215
             1.2725529131
             1.4174010875
             1.6202464005
             1.8021886473
             1.8029844055
             1.6172835341
             1.4070827776
             1.2614864533
             1.1870680048
             1.1636158281
             0.9919712172
             1.0212296371
             1.0977383819
             1.2286640684
             1.4062569666
             1.5632579497
             1.5617158595
             1.4004728844
             1.2172270449
             1.0846764877
             1.0101053841
             0.9825110516
             0.8351744312
             0.8644168371
             0.9306048452
             1.0391532931
             1.1835454990
             1.3104619117
             1.3087243353
             1.1774160519
             1.0279032926
             0.9174427882
             0.8526005015
             0.8257825416
             0.7124104389
             0.7353779642
             0.7867380259
             0.8691580229
             0.9770124378
             1.0725332318
             1.0699915921
             0.9693685932
             0.8571084621
             0.7736741240
             0.7246254071
             0.7044243326
             0.6341456115
             0.6490903020
             0.6876981906
             0.7494598392
             0.8260937664
             0.8908730834
             0.8865534264
             0.8155667860
             0.7354560302
             0.6741930366
             0.6395861634
             0.6275072076
             0.9439901258
             0.9674781131
             1.0163203370
             1.0966897470
             1.1995838196
             1.2957059076
             1.3054868738
             1.2169225876
             1.1114726178
             1.0272606675
             0.9735581768
             0.9484689147
             1.0499770985
             1.0788389793
             1.1407132312
             1.2426118109
             1.3773733166
             1.4994300156
             1.5067287878
             1.3912242394
             1.2553026460
             1.1499196242
             1.0839071152
             1.0528306279
             1.2138833512
             1.2464933729
             1.3229448124
             1.4513175837
             1.6210465739
             1.7691512365
             1.7744396507
             1.6318975414
             1.4614301222
             1.3303623389
             1.2504217273
             1.2154015793
             1.4202407248
             1.4494092778
             1.5349193171
             1.6856875880
             1.8853544642
             2.0581261288
             2.0639131807
             1.8957022606
             1.6941338450
             1.5419896534
             1.4542075506
             1.4221960685
             1.6492414399
             1.6682316504
             1.7536044489
             1.9180971706
             2.1384723610
             2.3319877319
             2.3417479160
             2.1521650464
             1.9262033374
             1.7622397636
             1.6770957125
             1.6545652872
             1.8511042169
             1.8576116512
             1.9359062989
             2.1047834920
             2.3360160181
             2.5414294685
             2.5564563092
             2.3544772728
             2.1120623364
             1.9450273498
             1.8721197764
             1.8613828283
             1.9378860961
             1.9384017850
             2.0120076939
             2.1776467991
             2.4123521468
             2.6203301354
             2.6353550440
             2.4288697403
             2.1809098127
             2.0163042518
             1.9526881336
             1.9466159823
             1.8516120779
             1.8596434407
             1.9368053207
             2.0972922745
             2.3266194796
             2.5300635775
             2.5378016766
             2.3331113968
             2.0928929790
             1.9326648405
             1.8644586737
             1.8524504204
             1.6436353293
             1.6649170158
             1.7477942099
             1.9018535386
             2.1149807583
             2.3026716119
             2.3032829725
             2.1115843490
             1.8904349594
             1.7358895127
             1.6581419780
             1.6367969070
             1.4064739783
             1.4367662751
             1.5184021598
             1.6579939965
             1.8446337345
             2.0060611109
             2.0036741133
             1.8365891127
             1.6434811861
             1.5023329632
             1.4232694155
             1.3951835807
             1.1933947575
             1.2256577298
             1.2971133797
             1.4127005005
             1.5638811632
             1.6939574933
             1.6906341450
             1.5540983597
             1.3968508862
             1.2794332314
             1.2102015207
             1.1811587140
             1.0259676812
             1.0531334723
             1.1091429646
             1.1967147949
             1.3088797795
             1.4060695066
             1.4015892298
             1.2966463664
             1.1789328168
             1.0906225317
             1.0379975018
             1.0147698109
             0.9193295910
             0.9398880111
             0.9827239308
             1.0483447469
             1.1275750296
             1.1935356909
             1.1870785537
             1.1118328041
             1.0279334468
             0.9633294976
             0.9257826085
             0.9094951442
             1.2860142439
             1.3174726788
             1.3706553304
             1.4532228785
             1.5571585214
             1.6545674647
             1.6648259283
             1.5754681775
             1.4685895000
             1.3818141673
             1.3235072579
             1.2902138837
             1.4258459521
             1.4590116448
             1.5237565643
             1.6274304875
             1.7625380899
             1.8835541297
             1.8910901089
             1.7771532574
             1.6410885873
             1.5339313904
             1.4645487774
             1.4283963355
             1.6425756820
             1.6761280610
             1.7536487484
             1.8831695362
             2.0527721805
             2.1985209083
             2.2043223693
             2.0648979833
             1.8953549083
             1.7633585907
             1.6817917060
             1.6446420163
             1.9148896823
             1.9412911358
             2.0254075041
             2.1759720538
             2.3743736425
             2.5435597956
             2.5502219606
             2.3873898383
             2.1881809926
             2.0365997038
             1.9497107163
             1.9193310922
             2.2123127302
             2.2238001191
             2.3045267900
             2.4666348066
             2.6840277684
             2.8724372466
             2.8834363290
             2.7016234808
             2.4803490094
             2.3195484093
             2.2390589061
             2.2229773768
             2.4674421879
             2.4623284631
             2.5326728007
             2.6964564700
             2.9227979775
             3.1217891491
             3.1383492015
             2.9459390245
             2.7106318617
             2.5500085917
             2.4855445042
             2.4858351416
             2.5741237023
             2.5614772264
             2.6256649121
             2.7850643787
             3.0135133007
             3.2150135821
             3.2318654487
             3.0349630817
             2.7948834465
             2.6383596139
             2.5848726599
             2.5918720004
             2.4666862524
             2.4635613143
             2.5328577947
             2.6883501370
             2.9121443945
             3.1096129710
             3.1185578511
             2.9224753571
             2.6886791086
             2.5348060282
             2.4752898609
             2.4745344100
             2.2043806168
             2.2185996814
             2.2969723356
             2.4483980320
             2.6579638074
             2.8404985530
             2.8415879367
             2.6560130829
             2.4387752638
             2.2876196233
             2.2153105583
             2.2010072880
             1.8973991937
             1.9252255175
             2.0056772720
             2.1446288766
             2.3292982220
             2.4869339296
             2.4841121338
             2.3201345829
             2.1287288377
             1.9887017298
             1.9118524441
             1.8866270272
             1.6171351873
             1.6506634895
             1.7231286320
             1.8392097621
             1.9893883282
             2.1166352884
             2.1119053116
             1.9762521026
             1.8192202275
             1.7018561282
             1.6327780634
             1.6033662929
             1.3962885771
             1.4279531004
             1.4862923808
             1.5745508266
             1.6860704896
             1.7810634045
             1.7745709899
             1.6689847482
             1.5509198420
             1.4623749361
             1.4088345392
             1.3823527702
             1.2563104568
             1.2843522782
             1.3306414325
             1.3968858339
             1.4761290998
             1.5410125903
             1.5321609005
             1.4545777422
             1.3695539024
             1.3048265984
             1.2654014222
             1.2431713517
             1.6440179669
             1.6835367137
             1.7389685773
             1.8208034700
             1.9235465563
             2.0202917993
             2.0308571600
             1.9421678212
             1.8371365888
             1.7511661988
             1.6896069499
             1.6471027920
             1.8201648273
             1.8571628722
             1.9217071790
             2.0225350861
             2.1533279285
             2.2701154967
             2.2779732716
             2.1688914908
             2.0379133564
             1.9337698972
             1.8638250839
             1.8225431912
             2.0959480899
             2.1283048853
             2.2022397716
             2.3261598015
             2.4880500858
             2.6265786497
             2.6331424789
             2.5024662318
             2.3416097767
             2.2157980094
             2.1373852298
             2.0998846374
             2.4434553721
             2.4631637927
             2.5390910921
             2.6802172013
             2.8672726899
             3.0259742285
             3.0339245597
             2.8841877131
             2.6982363540
             2.5569718967
             2.4779756561
             2.4525766423
             2.8193738495
             2.8182625744
             2.8853881286
             3.0334057764
             3.2352213485
             3.4094255391
             3.4226028800
             3.2586926572
             3.0556712955
             2.9104548184
             2.8435062651
             2.8386815709
             3.1361238501
             3.1132558530
             3.1652057401
             3.3106403144
             3.5176926730
             3.6999099163
             3.7189328755
             3.5482301161
             3.3354941708
             3.1953144291
             3.1498098737
             3.1668734024
             3.2665241615
             3.2344147974
             3.2785139231
             3.4179167787
             3.6253137117
             3.8090293099
             3.8282366077
             3.6544629519
             3.4385494252
             3.3046234563
             3.2724811231
             3.2988397615
             3.1366611458
             3.1162448448
             3.1677291908
             3.3052449588
             3.5093163709
             3.6893301344
             3.7006511219
             3.5261907366
             3.3142205380
             3.1805140918
             3.1401762258
             3.1565438042
             2.8131443561
             2.8158431885
             2.8814875151
             3.0192088765
             3.2128301548
             3.3810146119
             3.3836879128
             3.2150353314
             3.0145171043
             2.8786224884
             2.8205163124
             2.8181049002
             2.4274166856
             2.4498515644
             2.5231029922
             2.6530695126
             2.8263887752
             2.9735765880
             2.9709533825
             2.8179789927
             2.6380356146
             2.5082264414
             2.4402322497
             2.4211277792
             2.0713683200
             2.1048771929
             2.1746849333
             2.2857059064
             2.4286216181
             2.5488201124
             2.5432278712
             2.4133974145
             2.2632794610
             2.1521397805
             2.0874907350
             2.0591436975
             1.7908467303
             1.8271679056
             1.8863207341
             1.9723047741
             2.0796472315
             2.1702744167
             2.1621144709
             2.0583762726
             1.9437841414
             1.8586980663
             1.8064132818
             1.7768521371
             1.6141328877
             1.6508735712
             1.7005137304
             1.7664141825
             1.8438740693
             1.9073247080
             1.8968342905
             1.8172290227
             1.7327691916
             1.6698080007
             1.6293093692
             1.6001848671
             1.9829593132
             2.0298001885
             2.0870442357
             2.1665857368
             2.2670525601
             2.3637824707
             2.3749826780
             2.2874087041
             2.1843898270
             2.1004562856
             2.0368290702
             1.9859461771
             2.1952481215
             2.2350973513
             2.2979640390
             2.3935583400
             2.5178260520
             2.6295868880
             2.6381579176
             2.5353789862
             2.4116666563
             2.3129579418
             2.2443165707
             2.1987840667
             2.5330181899
             2.5625306232
             2.6297638063
             2.7438850816
             2.8941263940
             3.0231608193
             3.0309840592
             2.9119465069
             2.7642795929
             2.6489066247
             2.5766101792
             2.5402851291
             2.9614049847
             2.9718682152
             3.0349457990
             3.1604988812
             3.3298022145
             3.4740089182
             3.4841381707
             3.3521793305
             3.1863290348
             3.0620548211
             2.9955596266
             2.9772672435
             3.4235261817
             3.4064320239
             3.4536000751
             3.5793937480
             3.7572739442
             3.9118150191
             3.9278041944
             3.7886658879
             3.6130298396
             3.4919021404
             3.4451654646
             3.4542464133
             3.8089007755
             3.7646974698
             3.7907217656
             3.9083733561
             4.0860886078
             4.2443085239
             4.2671748715
             4.1262428237
             3.9467672060
             3.8374426483
             3.8187746369
             3.8558631800
             3.9672356562
             3.9118887674
             3.9278574111
             4.0372122458
             4.2130278665
             4.3712577534
             4.3939998382
             4.2521229082
             4.0717725722
             3.9714240059
             3.9688491041
             4.0177856723
             3.8142936325
             3.7730895865
             3.7994346555
             3.9095133673
             4.0840512132
             4.2399445253
             4.2545672475
             4.1095597999
             3.9301185716
             3.8268126893
             3.8135532803
             3.8504275691
             3.4255137974
             3.4134100344
             3.4602951147
             3.5764091388
             3.7460749567
             3.8946159705
             3.8995618037
             3.7541176985
             3.5793292080
             3.4670386382
             3.4296498895
             3.4423530470
             2.9547995603
             2.9696218878
             3.0315031593
             3.1467631833
             3.3032321209
             3.4362382924
             3.4344221192
             3.2970911213
             3.1348175895
             3.0213029114
             2.9669372666
             2.9566583584
             2.5174165513
             2.5499917170
             2.6149028966
             2.7175674260
             2.8499656941
             2.9613114265
             2.9550927960
             2.8338396925
             2.6943271262
             2.5932193852
             2.5361134650
             2.5104596192
             2.1739782306
             2.2151599642
             2.2744196390
             2.3569036239
             2.4590990528
             2.5453920428
             2.5356258854
             2.4344960896
             2.3249245785
             2.2452562622
             2.1956717171
             2.1635528830
             1.9598907973
             2.0061362768
             2.0592436676
             2.1248284466
             2.2014403199
             2.2655312318
             2.2522569470
             2.1700757582
             2.0864665289
             2.0256385494
             1.9848222737
             1.9495840327
             2.2761269381
             2.3281103407
             2.3860183271
             2.4634726416
             2.5629746622
             2.6604116833
             2.6723386724
             2.5851222306
             2.4838771338
             2.4018976007
             2.3370488626
             2.2803570236
             2.5212375458
             2.5627922581
             2.6228305106
             2.7127394310
             2.8308733497
             2.9383606781
             2.9478778655
             2.8512084722
             2.7348901616
             2.6421681557
             2.5756739984
             2.5275080143
             2.9197389798
             2.9455709233
             3.0046777784
             3.1076296983
             3.2454812581
             3.3650000825
             3.3744674908
             3.2676728525
             3.1344719258
             3.0311217485
             2.9664649091
             2.9322032936
             3.4303553746
             3.4308838907
             3.4790181406
             3.5864435292
             3.7360739816
             3.8651310787
             3.8778993205
             3.7654703040
             3.6221135599
             3.5174726058
             3.4659716021
             3.4559893776
             3.9823198982
             3.9489758185
             3.9732886748
             4.0733901705
             4.2238450636
             4.3571096247
             4.3764690469
             4.2647810936
             4.1201095208
             4.0273991045
             4.0041541706
             4.0279806734
             4.4415305696
             4.3757486161
             4.3723730393
             4.4573729883
             4.6013619285
             4.7331443211
             4.7596768849
             4.6525811846
             4.5115163940
             4.4384086197
             4.4507531502
             4.5081665398
             4.6312529684
             4.5526458868
             4.5368485319
             4.6110386379
             4.7502275444
             4.8796800614
             4.9064414817
             4.8006359812
             4.6613324931
             4.6002128613
             4.6319412387
             4.7038119483
             4.4557962745
             4.3937586043
             4.3913134493
             4.4691579208
             4.6093252569
             4.7385316968
             4.7568304116
             4.6447993150
             4.5031643361
             4.4355792548
             4.4539314274
             4.5123679026
             4.0000771907
             3.9725179819
             3.9977070261
             4.0887330641
             4.2308949334
             4.3575979204
             4.3651697848
             4.2456663397
             4.1006856317
             4.0161976798
             4.0034404688
             4.0326612107
             3.4420851497
             3.4483413877
             3.4970536549
             3.5956856915
             3.7330364422
             3.8508668407
             3.8501495363
             3.7298226652
             3.5879062387
             3.4933122682
             3.4549746505
             3.4544555028
             2.9223138340
             2.9530871368
             3.0123530929
             3.1058129587
             3.2271590315
             3.3295994938
             3.3232595209
             3.2108550611
             3.0830172841
             2.9931151732
             2.9444736001
             2.9223181516
             2.5167112017
             2.5620537890
             2.6214346803
             2.7006275460
             2.7983440500
             2.8812354126
             2.8706412956
             2.7715359292
             2.6665496891
             2.5921750073
             2.5455165075
             2.5113759938
             2.2689549334
             2.3226724140
             2.3792898917
             2.4454905900
             2.5228068528
             2.5881386254
             2.5739176221
             2.4883698973
             2.4039603787
             2.3444125912
             2.3033720425
             2.2626847605
             2.5103020905
             2.5646400659
             2.6225394880
             2.6988830399
             2.7989012589
             2.8982410271
             2.9114637609
             2.8242962364
             2.7232681357
             2.6423658373
             2.5772041782
             2.5179291247
             2.7828121456
             2.8241638425
             2.8811068531
             2.9663159830
             3.0800505240
             3.1849819700
             3.1959084339
             3.1040674656
             2.9936030362
             2.9061113783
             2.8422518962
             2.7934188966
             3.2361155780
             3.2576817223
             3.3089003816
             3.4016630482
             3.5288352160
             3.6405092945
             3.6520449242
             3.5562745521
             3.4360715671
             3.3440047554
             3.2869450578
             3.2558037638
             3.8254728958
             3.8164279202
             3.8500753532
             3.9402427104
             4.0715996372
             4.1867334368
             4.2022984848
             4.1083105670
             3.9863679290
             3.9009309714
             3.8639106703
             3.8613348458
             4.4656309653
             4.4177224393
             4.4200586702
             4.4947030095
             4.6185802650
             4.7314445354
             4.7546410102
             4.6693988322
             4.5553910532
             4.4905923871
             4.4902838400
             4.5268846677
             4.9986812708
             4.9145907759
             4.8827973034
             4.9351990749
             5.0455765671
             5.1520489482
             5.1826066586
             5.1084674976
             5.0057301895
             4.9684275921
             5.0110929861
             5.0855683229
             5.2211735909
             5.1230930578
             5.0765639882
             5.1152679468
             5.2176506554
             5.3193640226
             5.3504089638
             5.2801969377
             5.1820177068
             5.1598882235
             5.2251509969
             5.3154457197
             5.0244970974
             4.9450657893
             4.9149137328
             4.9604281580
             5.0666338688
             5.1694902158
             5.1917706928
             5.1125725879
             5.0082683645
             4.9759325935
             5.0254583849
             5.1017722804
             4.5031298450
             4.4625744606
             4.4673223753
             4.5333936509
             4.6486638906
             4.7545979530
             4.7649353294
             4.6707152863
             4.5548168521
             4.4976848137
             4.5087885472
             4.5519042672
             3.8606765510
             3.8596499814
             3.8960491309
             3.9786778479
             4.0979808614
             4.2020347930
             4.2025991950
             4.0984419055
             3.9754396467
             3.8991706669
             3.8763235557
             3.8847434582
             3.2628164372
             3.2917839252
             3.3459475025
             3.4314661177
             3.5434879646
             3.6386357038
             3.6322824282
             3.5272972462
             3.4094503293
             3.3297673140
             3.2895151570
             3.2714556404
             2.8009111483
             2.8491382623
             2.9087539032
             2.9859199400
             3.0813581435
             3.1628392154
             3.1515104193
             3.0526872175
             2.9502468835
             2.8799676207
             2.8364495058
             2.8024674052
             2.5246013847
             2.5839527179
             2.6435881727
             2.7115639809
             2.7918244107
             2.8610981575
             2.8459404493
             2.7547419643
             2.6673022267
             2.6080030074
             2.5670022564
             2.5241182185
             2.6865148335
             2.7395360148
             2.7962676599
             2.8723526394
             2.9742764171
             3.0763866342
             3.0905698706
             3.0025714030
             2.9009084940
             2.8207587058
             2.7563618709
             2.6976620953
             2.9782568792
             3.0174487800
             3.0710665837
             3.1528714759
             3.2644141371
             3.3685363979
             3.3809477120
             3.2923674380
             3.1857733869
             3.1022566152
             3.0411005262
             2.9932899036
             3.4767710086
             3.4934727166
             3.5376847204
             3.6223136879
             3.7416592292
             3.8478314924
             3.8614740723
             3.7745386171
             3.6644031038
             3.5813895064
             3.5311593201
             3.5033778484
             4.1338970605
             4.1171486019
             4.1384715465
             4.2142036888
             4.3306448118
             4.4347696746
             4.4531472245
             4.3748269071
             4.2707530414
             4.2013898725
             4.1767590426
             4.1804365232
             4.8529622932
             4.7945483271
             4.7783231361
             4.8311507885
             4.9323820670
             5.0281126939
             5.0548866830
             4.9927581510
             4.9051716908
             4.8645455461
             4.8833090528
             4.9290715207
             5.4530501581
             5.3568948658
             5.3013835100
             5.3254261829
             5.4061395541
             5.4902758750
             5.5249883402
             5.4804295082
             5.4113847723
             5.4051716156
             5.4729983298
             5.5582423763
             5.7054925327
             5.5956985841
             5.5237661552
             5.5316303441
             5.6011070224
             5.6780763001
             5.7133470031
             5.6750856946
             5.6134200255
             5.6251842866
             5.7182254372
             5.8204564747
             5.4923547426
             5.4012488666
             5.3483174237
             5.3656049814
             5.4412597751
             5.5210415012
             5.5471805059
             5.4972289785
             5.4259831641
             5.4241880313
             5.4989516206
             5.5863487273
             4.9138274480
             4.8637183993
             4.8513007612
             4.8959064423
             4.9875650741
             5.0756237581
             5.0886043667
             5.0165276731
             4.9253686331
             4.8914039340
             4.9221135648
             4.9745965671
             4.1958824651
             4.1888998708
             4.2152225204
             4.2847238874
             4.3893433692
             4.4820947026
             4.4838040933
             4.3930485868
             4.2855551892
             4.2241173078
             4.2140021707
             4.2295050422
             3.5296402651
             3.5566441250
             3.6069743965
             3.6866376930
             3.7920868067
             3.8823003988
             3.8759401565
             3.7762307550
             3.6653985535
             3.5934306455
             3.5600184064
             3.5462198244
             3.0208723753
             3.0702116885
             3.1301679429
             3.2069496351
             3.3024202424
             3.3842600324
             3.3722906943
             3.2723289080
             3.1703187732
             3.1024465180
             3.0616528508
             3.0288831149
             2.7238128320
             2.7853645321
             2.8475745992
             2.9184302228
             3.0032107500
             3.0770648961
             3.0611805301
             2.9640974360
             2.8724638978
             2.8121979824
             2.7717571412
             2.7295130165
             2.8143016152
             2.8632659360
             2.9179395401
             2.9942834392
             3.0991795012
             3.2046960838
             3.2201037027
             3.1310652664
             3.0279176364
             2.9476435571
             2.8846193222
             2.8291355477
             3.1165238517
             3.1518016069
             3.2021859930
             3.2821512029
             3.3935330488
             3.4983264278
             3.5122521711
             3.4254820014
             3.3207433412
             3.2395933493
             3.1811104693
             3.1367254262
             3.6461540489
             3.6581665996
             3.6969082647
             3.7762943541
             3.8909018385
             3.9939208117
             4.0095779972
             3.9287160199
             3.8252897508
             3.7485576939
             3.7032221883
             3.6791398566
             4.3537268200
             4.3316079369
             4.3442155343
             4.4096223698
             4.5154893083
             4.6117604673
             4.6326854598
             4.5662097789
             4.4750992529
             4.4169619555
             4.4006565738
             4.4084110830
             5.1335344270
             5.0695516441
             5.0403808237
             5.0771351029
             5.1610675257
             5.2436982172
             5.2736185075
             5.2296958839
             5.1619455896
             5.1384479019
             5.1696659011
             5.2193447245
             5.7869076241
             5.6851372367
             5.6130396832
             5.6156493784
             5.6730120581
             5.7396563841
             5.7778786344
             5.7566771389
             5.7134716323
             5.7297679292
             5.8138744701
             5.9024856818
             6.0647791173
             5.9495633239
             5.8599360082
             5.8441119526
             5.8873690031
             5.9451856413
             5.9836169377
             5.9710032129
             5.9374868021
             5.9737056900
             6.0848242144
             6.1904096312
             5.8377375710
             5.7422301196
             5.6740007703
             5.6699816718
             5.7214804121
             5.7835329494
             5.8124525427
             5.7857413780
             5.7396015092
             5.7600993981
             5.8518454707
             5.9444296618
             5.2146589038
             5.1608960708
             5.1372542696
             5.1661891437
             5.2399359416
             5.3144092025
             5.3293927992
             5.2743546616
             5.2017806805
             5.1844298851
             5.2286971913
             5.2868704352
             4.4395892478
             4.4298866291
             4.4501267522
             4.5105034204
             4.6048168622
             4.6893949497
             4.6919720281
             4.6107284775
             4.5142258267
             4.4629389914
             4.4617158055
             4.4822031336
             3.7233601514
             3.7486932980
             3.7969024698
             3.8733991649
             3.9751097950
             4.0625679576
             4.0562175994
             3.9593799259
             3.8524458128
             3.7851323017
             3.7568983338
             3.7471907595
             3.1823328543
             3.2308859566
             3.2915347824
             3.3692596758
             3.4663074140
             3.5497173007
             3.5374508714
             3.4352121991
             3.3316121731
             3.2643975512
             3.2261013700
             3.1964792271
             2.8737633571
             2.9342447820
             2.9986269228
             3.0727994553
             3.1626727940
             3.2411752174
             3.2250713934
             3.1222276167
             3.0252282760
             2.9631348876
             2.9237884748
             2.8849614429
             2.9069827145
             2.9512321976
             3.0042190002
             3.0816578208
             3.1898125259
             3.2977936195
             3.3140773916
             3.2246826221
             3.1197441505
             3.0388127486
             2.9770910284
             2.9263424912
             3.2105839674
             3.2416489271
             3.2898902091
             3.3696787135
             3.4823015708
             3.5881905331
             3.6033172703
             3.5175866296
             3.4130933801
             3.3324151586
             3.2757752556
             3.2352567242
             3.7539174758
             3.7626569111
             3.7984569963
             3.8755861305
             3.9882857895
             4.0898475964
             4.1071444459
             4.0300440139
             3.9300033284
             3.8559649825
             3.8130024788
             3.7915034828
             4.4871299484
             4.4634898052
             4.4722726063
             4.5325572131
             4.6325033817
             4.7241292103
             4.7470020375
             4.6878328688
             4.6040726899
             4.5514676455
             4.5384043788
             4.5469561271
             5.2995092994
             5.2361613546
             5.2018713795
             5.2302340490
             5.3038320738
             5.3781275104
             5.4103043400
             5.3780546429
             5.3219966455
             5.3068097863
             5.3422333458
             5.3900696930
             5.9810563981
             5.8827029880
             5.8047719184
             5.7958663215
             5.8387520159
             5.8941835328
             5.9345150774
             5.9287426085
             5.9009053622
             5.9280796724
             6.0169319027
             6.1008890071
             6.2725194424
             6.1624057407
             6.0671746662
             6.0384528628
             6.0652172890
             6.1106431565
             6.1510901848
             6.1553734400
             6.1386838813
             6.1866879270
             6.3022987267
             6.4012942858
             6.0409150042
             5.9494992669
             5.8763892035
             5.8609735847
             5.8973520794
             5.9476328472
             5.9784480788
             5.9668085756
             5.9360271111
             5.9664959556
             6.0629654475
             6.1506330820
             5.3966696665
             5.3449785695
             5.3174526091
             5.3382938834
             5.4010745036
             5.4667878668
             5.4829404539
             5.4389001639
             5.3767709296
             5.3671250372
             5.4155938885
             5.4714992429
             4.5928646678
             4.5828508562
             4.6010143852
             4.6573519951
             4.7457135070
             4.8256101065
             4.8286067213
             4.7531451619
             4.6617552609
             4.6148799246
             4.6169465765
             4.6381553778
             3.8507945789
             3.8750917097
             3.9228856627
             3.9988521832
             4.0993018452
             4.1858171815
             4.1793642985
             4.0835447864
             3.9773316855
             3.9112098197
             3.8850908894
             3.8780702751
             3.2956206838
             3.3425784572
             3.4039550573
             3.4836559847
             3.5830751516
             3.6684261249
             3.6558491311
             3.5511128092
             3.4447604067
             3.3764749950
             3.3392388421
             3.3130123582
             2.9858156081
             3.0435645510
             3.1091715712
             3.1867286009
             3.2812590043
             3.3637430626
             3.3475281609
             3.2399974212
             3.1378204094
             3.0729781299
             3.0343098535
             2.9999382352
             2.9738879825
             3.0133956524
             3.0649268822
             3.1437374346
             3.2544126306
             3.3632451462
             3.3799840939
             3.2907710539
             3.1842927704
             3.1021254817
             3.0414577513
             2.9947343339
             3.2705771608
             3.2979465479
             3.3448936766
             3.4254994461
             3.5396922279
             3.6459483061
             3.6617481678
             3.5765915485
             3.4715811455
             3.3903067145
             3.3343412372
             3.2972945561
             3.8106207029
             3.8174773222
             3.8525978932
             3.9297559147
             4.0423093085
             4.1431015268
             4.1613643232
             4.0860478877
             3.9867988111
             3.9128190384
             3.8701379072
             3.8503399031
             4.5449090239
             4.5223367731
             4.5312467340
             4.5906705138
             4.6884209391
             4.7778727397
             4.8018229661
             4.7461613600
             4.6646843016
             4.6125462568
             4.5983412906
             4.6051048491
             5.3594906872
             5.3013331945
             5.2685007963
             5.2954211967
             5.3651596958
             5.4354396595
             5.4686182339
             5.4418265474
             5.3896465495
             5.3745436397
             5.4065792060
             5.4482869578
             6.0427249591
             5.9530704218
             5.8785011757
             5.8675679271
             5.9046274830
             5.9554730489
             5.9962976513
             5.9972144052
             5.9748705379
             6.0018555232
             6.0846771068
             6.1579891190
             6.3354276407
             6.2359930044
             6.1452660479
             6.1147045215
             6.1347446895
             6.1749188879
             6.2157913166
             6.2273867815
             6.2165492695
             6.2638832009
             6.3727347398
             6.4603585893
             6.1068235944
             6.0242734449
             5.9552679976
             5.9383239400
             5.9688618861
             6.0139763833
             6.0452133355
             6.0405752393
             6.0146050795
             6.0445466578
             6.1351420812
             6.2135558808
             5.4641941499
             5.4182511601
             5.3934238566
             5.4133501350
             5.4717499774
             5.5336918683
             5.5500250566
             5.5112244689
             5.4524630481
             5.4422760985
             5.4873532714
             5.5378106116
             4.6595561072
             4.6520377808
             4.6718141606
             4.7281767828
             4.8146131954
             4.8925130395
             4.8954699023
             4.8227981994
             4.7326979125
             4.6852915080
             4.6858202067
             4.7053886086
             3.9177026337
             3.9414082170
             3.9902504604
             4.0674953152
             4.1682955562
             4.2547153395
             4.2482197544
             4.1528944921
             4.0455975839
             3.9782903010
             3.9517353706
             3.9461585335
             3.3657126610
             3.4105572430
             3.4729968888
             3.5550610901
             3.6567272044
             3.7433768466
             3.7309655407
             3.6249797147
             3.5158670367
             3.4455428470
             3.4081545920
             3.3849888186
             3.0628874002
             3.1174168226
             3.1841025859
             3.2648987269
             3.3630802854
             3.4475578795
             3.4317965181
             3.3223208077
             3.2160531314
             3.1481312091
             3.1092493627
             3.0784351712
